[LEFT_CAM_2K]
fx=1400.85
fy=1400.85
cx=1170.99
cy=633.858
k1=-0.173886
k2=0.0257493

[RIGHT_CAM_2K]
fx=1399.1
fy=1399.1
cx=1175.1
cy=626.681
k1=-0.174075
k2=0.0265746

[LEFT_CAM_FHD]
fx=1400.85
fy=1400.85
cx=1026.99
cy=552.858
k1=-0.173886
k2=0.0257493

[RIGHT_CAM_FHD]
fx=1399.1
fy=1399.1
cx=1031.1
cy=545.681
k1=-0.174075
k2=0.0265746

[LEFT_CAM_HD]
fx=700.423
fy=700.423
cx=671.996
cy=364.929
k1=-0.173886
k2=0.0257493

[RIGHT_CAM_HD]
fx=699.549
fy=699.549
cx=674.048
cy=361.34
k1=-0.174075
k2=0.0265746

[LEFT_CAM_VGA]
fx=700.423
fy=700.423
cx=351.996
cy=244.929
k1=-0.173886
k2=0.0257493

[RIGHT_CAM_VGA]
fx=699.549
fy=699.549
cx=354.048
cy=241.34
k1=-0.174075
k2=0.0265746

[STEREO]
Baseline=120
CV_2K=0.00510909
CV_FHD=0.00510909
CV_HD=0.00510909
CV_VGA=0.00510909
RX_2K=0.00404193
RX_FHD=0.00404193
RX_HD=0.00404193
RX_VGA=0.00404193
RZ_2K=-0.000387394
RZ_FHD=-0.000387394
RZ_HD=-0.000387394
RZ_VGA=-0.000387394




